jaccard
0.03045644487303118
0.0513957735455257
0.040614803365962564
0.05410462008400153
0.01850072080730418
0.06944839351720217
0.04008459098337018
0.042015005359056806
0.0332149811018211
0.046126041175546126
0.03845191425473351
0.04486224869694713
0.03045644487303118
0.038830660436923854
0.02275154004106776
0.036157982569998144
0.009856733524355302
0.031665101301489335
0.03010991040916228
0.0331894780106864
0.025882869050230312
0.03842934327676737
0.03581557410258488
0.03473279026049593
0.0513957735455257
0.038830660436923854
0.031098598926279954
0.061868987320256995
0.01636867287836817
0.04774461400359067
0.040466589861751154
0.04434884630426281
0.037562535881243336
0.06519552370174776
0.041585697629226585
0.0557134735645253
0.040614803365962564
0.02275154004106776
0.031098598926279954
0.03256625090040566
0.016169466031586865
0.04174357518103081
0.026222746022392458
0.02961902664611319
0.019446081319976428
0.030003979307600476
0.02486000339385712
0.029105043610163063
0.05410462008400153
0.036157982569998144
0.061868987320256995
0.03256625090040566
0.014227991746905089
0.05450477222668951
0.03338778437387944
0.031091739310917393
0.02527290489742174
0.05109435078379178
0.03355578884223155
0.04287410926365796
0.01850072080730418
0.009856733524355302
0.01636867287836817
0.016169466031586865
0.014227991746905089
0.016866359447004608
0.012342007434944237
0.013489527866524671
0.013967611336032389
0.018060420315236428
0.011993283761093787
0.018063787750493932
0.06944839351720217
0.031665101301489335
0.04774461400359067
0.04174357518103081
0.05450477222668951
0.016866359447004608
0.03265904879555281
0.033417508417508415
0.027242878693761647
0.044084747993156995
0.036113796436956225
0.03749153052774223
0.04008459098337018
0.03010991040916228
0.040466589861751154
0.026222746022392458
0.03338778437387944
0.012342007434944237
0.03265904879555281
0.0496675791943684
0.04239931934203063
0.05337917307518321
0.041646535897188135
0.05544510713496797
0.042015005359056806
0.0331894780106864
0.04434884630426281
0.02961902664611319
0.031091739310917393
0.013489527866524671
0.033417508417508415
0.0496675791943684
0.052693602693602695
0.07055837563451776
0.04625027015344716
0.06833396488568902
0.0332149811018211
0.025882869050230312
0.037562535881243336
0.019446081319976428
0.02527290489742174
0.013967611336032389
0.027242878693761647
0.04239931934203063
0.052693602693602695
0.0669846087145025
0.04115464873637839
0.06318530701754387
0.046126041175546126
0.03842934327676737
0.06519552370174776
0.030003979307600476
0.05109435078379178
0.018060420315236428
0.044084747993156995
0.05337917307518321
0.07055837563451776
0.0669846087145025
0.05450067529991261
0.09715898743398288
0.03845191425473351
0.03581557410258488
0.041585697629226585
0.02486000339385712
0.03355578884223155
0.011993283761093787
0.036113796436956225
0.041646535897188135
0.04625027015344716
0.04115464873637839
0.05450067529991261
0.05151344237638654
0.04486224869694713
0.03473279026049593
0.0557134735645253
0.029105043610163063
0.04287410926365796
0.018063787750493932
0.03749153052774223
0.05544510713496797
0.06833396488568902
0.06318530701754387
0.09715898743398288
0.05151344237638654
