avgdeg
2.292207792207792
2.1538461538461537
2.3088235294117645
2.1578947368421053
2.187192118226601
2.028985507246377
2.2290076335877864
2.172972972972973
2.1417910447761193
2.3216783216783217
2.2439024390243905
2.1146496815286624
2.1184210526315788
2.1493775933609958
2.1782178217821784
2.272727272727273
2.3307086614173227
2.2222222222222223
2.138364779874214
2.1761658031088085
2.0840336134453783
2.1604938271604937
2.2402826855123674
2.3333333333333335
2.146788990825688
2.1983471074380163
2.281573498964803
2.3130434782608695
2.467236467236467
2.200956937799043
2.1625
2.1004566210045663
1.9285714285714286
2.1012658227848102
2.1370967741935485
2.1862348178137654
2.249221183800623
2.407170294494238
2.1981981981981984
2.1794871794871793
2.2887700534759357
2.1
2.5384615384615383
2.2842377260981914
2.3592814371257487
2.3493150684931505
2.1343283582089554
2.0863309352517985
2.3594202898550725
2.2775510204081635
2.1898305084745764
2.4825174825174825
2.4324324324324325
2.121212121212121
2.1973684210526314
2.169491525423729
2.1481481481481484
2.471264367816092
2.4262295081967213
2.214689265536723
2.1449275362318843
2.342007434944238
2.0784313725490198
2.576976421636616
2.142857142857143
2.2857142857142856
2.227272727272727
2.2439024390243905
2.672064777327935
2.197530864197531
2.2580645161290325
2.390745501285347
2.0840336134453783
2.2393162393162394
2.28099173553719
2.2555066079295156
2.4258760107816713
2.330612244897959
2.2162162162162162
2.3582089552238807
2.2564102564102564
2.1699346405228757
2.2739726027397262
2.2222222222222223
2.1979166666666665
2.230031948881789
2.5114942528735633
2.143884892086331
2.245398773006135
2.1818181818181817
2.6042553191489364
2.4038461538461537
2.340909090909091
2.317073170731707
2.4307692307692306
2.3475409836065575
2.4305555555555554
2.0594059405940595
2.253012048192771
2.3947368421052633
2.2344497607655502
2.2413793103448274
2.465679676985195
2.393063583815029
2.2956521739130435
2.2524271844660193
2.393939393939394
2.2732919254658386
2.182795698924731
2.16
2.2522522522522523
2.5161290322580645
2.4587813620071683
2.384105960264901
2.2857142857142856
2.5448275862068965
2.409356725146199
2.3975155279503104
2.3203463203463204
2.43609022556391
2.0504201680672267
2.1785714285714284
2.265486725663717
2.1317365269461077
2.2545454545454544
2.378818737270876
2.328125
2.236220472440945
2.1904761904761907
2.1969365426695844
2.0701754385964914
2.260869565217391
