nodes
308
182
136
114
203
138
131
185
268
143
246
157
152
241
101
110
127
306
318
386
119
162
283
240
109
121
483
115
351
209
160
219
28
237
248
247
321
781
111
234
187
300
312
387
167
292
268
139
345
245
295
286
148
264
152
354
297
174
122
177
207
269
204
721
98
133
176
287
247
162
186
389
238
117
121
227
371
490
148
268
234
153
146
180
192
313
348
139
163
132
470
208
176
164
130
610
144
202
166
152
418
174
743
173
115
309
132
161
372
175
111
62
279
151
133
290
171
161
231
133
119
168
113
167
110
491
128
127
168
457
171
253
