avgdist
3.6349089222465847
3.002354788069074
3.7830882352941178
3.567713142505386
3.3118008202091778
3.8086536441923964
3.140376434939689
3.6264718772826883
3.838382713299176
2.9684581153112624
3.568643003503206
3.0050711996429875
5.698147506925208
3.6948399648766377
3.5047544358396236
3.03900826446281
3.051770103540207
4.128155837498398
3.8132985245836792
4.499570458267336
2.943012499117294
3.321444901691815
3.547453458027944
3.9028472222222224
3.4865752041073983
2.8954306399836076
3.879711430886154
3.1945557655954633
4.046817801803557
3.198095281701426
3.711328125
3.2871291257480038
3.9107142857142856
3.6545425412594135
6.45681581685744
4.385680801193266
3.5770421482710764
3.9490262492192123
3.2623975326678027
4.650230111768574
3.3970659727186936
4.032
3.4554980276134124
4.295201276632681
3.838000645415755
3.4577547382248075
3.9242593005123636
3.0356606800890225
4.410283553875236
4.948571428571428
3.6402872737719045
3.7770795637928507
3.8489773557341125
4.943526170798898
3.913781163434903
4.769255322544607
4.608191907855208
3.4170299907517507
3.5073904864283794
4.212327236745508
3.631449975495344
3.79878663921173
5.303777393310265
3.89564501453329
3.366722199083715
3.9998869353835715
3.659607438016529
4.113877793830203
3.8198954252651247
4.565843621399177
5.923806220372297
3.9623052980088684
4.129828401949015
3.347066988092629
4.506112970425518
3.9798560034155526
3.7668717896556987
4.038092461474386
3.512600438276114
4.375918912898196
3.9420337497260576
3.795463283352557
3.7209607806342655
3.5082716049382716
3.450954861111111
4.9072665843276955
4.330046901836438
3.4421613788106207
3.694154842109225
3.754591368227732
4.261593481213219
3.7584134615384617
3.4498321280991737
3.8354402141582393
5.67491124260355
5.3857726417629666
3.5120563271604937
4.77477698264876
3.835389751778197
3.6015408587257616
4.97795380142396
4.226516052318669
4.9635485255837795
3.406796084065622
4.0523251417769375
5.006336339166955
3.7907483930211203
3.585895605879403
8.636894438663429
3.782334693877551
3.4617320022725426
2.8730489073881373
4.016084068806927
3.9493004692776634
3.140708915145005
4.062330558858502
4.196641701720187
3.7689903938891245
3.6933715635014335
3.396687206738651
3.4522985664854176
3.6317318594104306
3.888166653614222
3.943131700670515
3.44297520661157
4.025145075721438
4.450439453125
3.469774939549879
5.10593820861678
4.541836446427802
3.9544475223145583
4.046243497008233
