353
196
157
123
222
140
146
201
287
166
276
166
161
259
110
125
148
340
340
420
124
175
317
280
117
133
551
133
433
230
173
230
27
249
265
270
361
940
122
255
214
315
396
442
197
343
286
145
407
279
323
355
180
280
167
384
319
215
148
196
222
315
212
929
105
152
196
322
330
178
210
465
248
131
138
256
450
571
164
316
264
166
166
200
211
349
437
149
183
144
612
250
206
190
158
716
175
208
187
182
467
195
916
207
132
348
158
183
406
189
125
78
343
180
152
369
206
193
268
162
122
183
128
178
124
584
149
142
184
502
177
286
